# Code.	Structure	ODS	Amide	Mw	ENZYME0	ENZYME1	ENZYME2	ENZYME3	ENZYME4	ENZYME5
"000.1"	"1-4-7"	7.4	4.3	988.95	-1	-1	-1	-1	-1	-1	
"MF2.1"	"1-2-4"	10.1	3.5	972.95	-1	160	-1	-1	-1	-1	
"010.1"	"1-2-4-7"	10.2	4.7	1135.1	-1	0	-1	-1	-1	-1	
"100.1"	"1-4-7-12"	9.5	4.7	1192.15	-1	-1	-1	0	-1	-1	
"100.2"	"1-4-7-14"	7.4	4.7	1192.15	-1	-1	-1	0	-1	-1	
"100.3"	"1-4-7-12-21"	9.9	5.6	1354.29	-1	-1	3	-1	-1	-1	
"100.4"	"1-4-7-14-28"	8.0	5.7	1354.29	-1	-1	4	-1	-1	-1	
"100.6"	"1-4-7-9"	7.7	4.8	1192.15	-1	-1	-1	0	-1	-1	
"100.7"	"1-4-7-13"	8.3	4.5	1192.15	-1	-1	-1	0	-1	-1	
"100.8"	"1-4-7-9-17"	7.8	5.8	1354.29	-1	-1	7	-1	-1	-1	
"100.9"	"1-4-7-13-24"	8.5	5.8	1354.29	-1	-1	8	-1	-1	-1	
"100.10"	"1-4-7-13-26"	8.5	5.3	1354.29	-1	-1	-1	-1	-1	-1	
"101.2"	"1-4-5-7-14"	10.4	5.1	1395.34	-1	-1	-1	0	-1	-1	
"101.4"	"1-4-5-7-14-28"	11.0	5.8	1557.49	-1	-1	12	6	-1	-1	
"110.1"	"1-2-4-7-12"	12.7	5.1	1338.29	-1	3	-1	2	-1	-1	
"110.2"	"1-2-4-7-14"	10.2	5.1	1338.29	-1	4	-1	2	-1	-1	
"110.3"	"1-2-4-7-12-21"	13.0	6.1	1500.43	-1	5	14	-1	-1	-1	
"110.4"	"1-2-4-7-14-28"	10.9	6.3	1500.43	-1	6	15	-1	-1	-1	
"110.5"	"1-2-4-7-12-21-38"	13.7	6.9	1662.58	16	479	-1	-1	-1	-1	
"110.6"	"1-2-4-7-9"	10.3	5.3	1338.29	-1	7	-1	2	-1	-1	
"110.7"	"1-2-4-7-13"	11.0	5.0	1338.29	-1	8	-1	2	-1	-1	
"110.8"	"1-2-4-7-9-17"	10.5	6.2	1500.43	-1	9	19	-1	-1	-1	
"110.9"	"1-2-4-7-13-24"	11.4	6.2	1500.43	-1	10	20	-1	-1	-1	
"111.2"	"1-2-4-5-7-14"	14.3	5.5	1541.49	-1	12	-1	2	-1	-1	
"111.4"	"1-2-4-5-7-14-28"	15.5	6.4	1703.63	-1	13	23	17	-1	-1	
"200.1"	"1-4-7-12-14"	8.9	5.1	1395.34	-1	-1	-1	0	-1	-1	
"200.2"	"1-4-7-12-14-21"	9.4	5.9	1557.49	-1	-1	25	5	-1	-1	
"200.3"	"1-4-7-12-14-28"	9.6	6.1	1557.49	-1	-1	25	6	-1	-1	
"200.4"	"1-4-7-12-14-21-28"	10.2	7.0	1719.63	-1	-1	25	-1	-1	-1	
"200.9"	"1-4-7-13-14"	9.0	5.0	1395.34	-1	-1	-1	0	-1	-1	
"200.10"	"1-4-7-13-14-28"	9.8	5.8	1557.49	-1	-1	29	6	-1	-1	
"200.11"	"1-4-7-9-12-17-21"	7.3	7.3	1719.63	-1	-1	481	-1	-1	-1	
"200.12"	"1-4-7-9-14-17-28"	8.5	7.3	1719.63	-1	-1	499	-1	-1	-1	
"200.13"	"1-4-7-13-14-24-28"	10.3	7.2	1719.63	-1	-1	29	-1	-1	-1	
"200.15"	"1-4-7-12-13-21-24"	11.0	6.9	1719.63	-1	-1	500	-1	-1	-1	
"200.17"	"1-4-7-13-14-26-28"	10.1	6.7	1719.63	-1	-1	501	-1	-1	-1	
"200.18"	"1-4-7-12-13-21-26"	11.0	6.6	1719.63	-1	-1	502	-1	-1	-1	
"200.22"	"1-4-7-12-14-21-28-38"	10.3	7.5	1881.77	28	-1	482	-1	-1	-1	
"200.23"	"1-4-7-12-14-21-28-38-48"	10.6	8.6	2043.91	28	-1	-1	-1	-1	-1	
"201.1"	"1-4-5-7-12-14"	12.3	5.4	1598.54	-1	-1	-1	0	-1	-1	
"201.2"	"1-4-5-7-12-14-21"	13.3	6.2	1760.68	-1	-1	39	5	-1	-1	
"201.3"	"1-4-5-7-12-14-28"	13.7	6.3	1760.68	-1	-1	39	6	-1	-1	
"201.4"	"1-4-5-7-12-14-21-28"	14.5	7.2	1922.82	-1	-1	39	28	-1	-1	
"201.15"	"1-4-5-7-13-14"	14.8	5.3	1598.54	-1	-1	-1	0	-1	-1	
"201.16"	"1-4-5-7-13-14-24"	15.3	6.3	1760.68	-1	-1	43	10	-1	-1	
"210.1"	"1-2-4-7-12-14"	12.3	5.5	1541.49	-1	25	-1	2	-1	-1	
"210.2"	"1-2-4-7-12-14-21"	13.1	6.3	1703.63	-1	26	45	16	-1	-1	
"210.3"	"1-2-4-7-12-14-28"	13.3	6.4	1703.63	-1	27	45	17	-1	-1	
"210.4"	"1-2-4-7-12-14-21-28"	14.1	7.4	1865.77	-1	28	45	-1	-1	-1	
"210.11"	"1-2-4-7-9-12-17-21"	10.1	7.7	1865.77	-1	31	54	-1	-1	-1	
"210.12"	"1-2-4-7-9-14-17-28"	11.6	7.5	1865.77	-1	32	503	-1	-1	-1	
"210.13"	"1-2-4-7-13-14-24-28"	13.9	7.5	1865.77	-1	33	504	-1	-1	-1	
"210.14"	"1-2-4-7-9-13-17-24"	12.0	7.7	1865.77	-1	480	505	-1	-1	-1	
"210.15"	"1-2-4-7-12-13-21-24"	14.8	7.6	1865.77	-1	34	506	-1	-1	-1	
"210.16"	"1-2-4-7-9-12"	10.1	5.5	1541.49	-1	481	-1	2	-1	-1	
"210.21"	"1-2-4-7-12-14-21-38"	13.1	7.1	1865.77	46	482	-1	18	-1	-1	
"210.22"	"1-2-4-7-12-14-21-28-38"	24.1	8.1	2027.91	48	37	55	-1	-1	-1	
"210.23"	"1-2-4-7-12-14-21-28-38-48"	14.4	9.0	2190.06	48	38	-1	-1	-1	-1	
"211.1"	"1-2-4-5-7-12-14"	17.8	5.8	1744.68	-1	39	-1	2	-1	-1	
"211.2"	"1-2-4-5-7-12-14-21"	18.7	6.6	1906.82	-1	40	58	16	-1	-1	
"211.3"	"1-2-4-5-7-12-14-28"	18.9	6.7	1906.82	-1	41	58	17	-1	-1	
"211.4"	"1-2-4-5-7-12-14-21-28"	20.2	7.5	2068.97	-1	42	58	48	-1	-1	
"300.1"	"1-4-7-12-13-14"	10.9	5.5	1598.54	-1	-1	-1	0	-1	-1	
"300.2"	"1-4-7-12-13-14-21"	11.1	6.2	1760.68	-1	-1	62	5	-1	-1	
"300.3"	"1-4-7-12-13-14-28"	11.8	6.3	1760.68	-1	-1	62	6	-1	-1	
"300.4"	"1-4-7-12-13-14-24"	10.9	6.2	1760.68	-1	-1	62	10	-1	-1	
"300.5"	"1-4-7-12-13-14-21-28"	12.0	7.3	1922.82	-1	-1	62	28	-1	-1	
"300.6"	"1-4-7-12-13-14-21-24"	11.3	7.0	1922.82	-1	-1	62	34	-1	-1	
"300.8"	"1-4-7-12-13-14-21-24-28"	12.7	8.3	2084.97	-1	-1	62	-1	-1	-1	
"300.9"	"1-4-7-12-13-14-24-28"	12.0	7.1	1922.82	-1	-1	62	33	-1	-1	
"300.11"	"1-4-7-9-12-14"	7.3	5.8	1598.54	-1	-1	-1	0	-1	-1	
"300.13"	"1-4-7-9-12-14-17-28"	8.2	7.2	1922.82	-1	-1	70	32	-1	-1	
"300.14"	"1-4-7-9-12-14-21-28"	7.9	7.3	1922.82	-1	-1	70	28	-1	-1	
"300.15"	"1-4-7-9-12-14-17-21"	7.5	7.2	1922.82	-1	-1	70	31	-1	-1	
"300.18"	"1-4-7-9-12-14-17-21-28"	8.1	8.6	2084.97	-1	-1	70	-1	-1	-1	
"300.19"	"1-4-7-9-12-13-17-21-24"	8.2	8.5	2084.97	-1	-1	507	-1	-1	-1	
"300.20"	"1-4-7-9-13-14-17-24-28"	10.7	8.3	2084.97	-1	-1	508	-1	-1	-1	
"300.21"	"1-4-7-12-13-14-26"	11.6	6.2	1760.68	-1	-1	-1	11	-1	-1	
"300.22"	"1-4-7-12-13-14-21-26-28"	13.2	8.2	2084.97	-1	-1	77	-1	-1	-1	
"300.23"	"1-4-7-12-13-14-26-28"	12.3	7.0	1922.82	-1	-1	77	35	-1	-1	
"300.24"	"1-4-7-12-13-14-21-26"	11.5	6.9	1922.82	-1	-1	77	36	-1	-1	
"300.31"	"1-4-7-12-13-14-21-24-25-28"	12.8	9.0	2231.11	-1	68	509	-1	-1	-1	
"301.1"	"1-4-5-7-12-13-14"	16.9	5.7	1801.73	-1	-1	-1	0	-1	-1	
"301.2"	"1-4-5-7-12-13-14-24"	17.5	6.7	1963.88	-1	-1	82	10	-1	-1	
"301.3"	"1-4-5-7-12-13-14-24-28"	19.4	7.5	2126.02	-1	-1	82	33	-1	-1	
"301.8"	"1-4-5-7-12-13-14-21-24-28"	20.2	8.2	2288.16	-1	-1	82	68	-1	-1	
"310.1"	"1-2-4-7-12-13-14"	14.8	5.8	1744.68	-1	62	-1	2	-1	-1	
"310.2"	"1-2-4-7-12-13-14-21"	15.7	6.8	1906.82	-1	63	86	16	-1	-1	
"310.3"	"1-2-4-7-12-13-14-28"	16.6	6.9	1906.82	-1	64	86	17	-1	-1	
"310.5"	"1-2-4-7-12-13-14-21-28"	17.2	7.8	2068.97	-1	66	86	48	-1	-1	
"310.8"	"1-2-4-7-12-13-14-21-24-28"	17.7	8.7	2231.11	-1	68	86	-1	-1	-1	
"310.9"	"1-2-4-7-12-13-14-24-28"	17.0	7.8	2068.97	-1	69	86	51	-1	-1	
"310.11"	"1-2-4-7-9-12-14"	10.3	6.4	1744.68	-1	70	-1	2	-1	-1	
"310.13"	"1-2-4-7-9-12-14-17-28"	10.9	7.6	2068.97	-1	71	92	50	-1	-1	
"310.14"	"1-2-4-7-9-12-14-21-28"	10.6	7.7	2068.97	-1	72	92	48	-1	-1	
"310.15"	"1-2-4-7-9-12-14-17-21"	10.1	7.6	2068.97	-1	73	92	49	-1	-1	
"310.18"	"1-2-4-7-9-12-14-17-21-28"	11.2	9.0	2231.11	-1	74	92	-1	-1	-1	
"310.19"	"1-2-4-7-9-12-13-17-21-24"	10.8	9.2	2231.11	-1	75	510	-1	-1	-1	
"310.20"	"1-2-4-7-9-13-14-17-24-28"	13.8	8.6	2231.11	-1	76	511	-1	-1	-1	
"310.21"	"1-2-4-7-12-13-14-26"	15.5	6.9	1906.82	-1	77	-1	533	-1	-1	
"310.22"	"1-2-4-7-12-13-14-21-26-28"	18.0	8.6	2231.11	-1	78	99	-1	-1	-1	
"310.31"	"1-2-4-7-12-13-14-21-24-25-28"	16.6	9.2	2377.25	-1	68	512	-1	-1	-1	
"310.37"	"1-2-4-7-12-13-14-21-24-28-38-42-48"	18.8	11.2	2717.54	90	483	-1	-1	-1	-1	
"310.48"	"1-2-4-7-12-13-14-21-26-28-38-44-48"	19.7	11.0	2717.54	100	484	-1	-1	-1	-1	
"400.1"	"1-4-7-9-12-13-14"	9.0	6.3	1801.73	-1	-1	-1	0	-1	-1	
"400.2"	"1-4-7-9-12-13-14-21"	9.0	6.9	1963.88	-1	-1	104	5	-1	-1	
"400.3"	"1-4-7-9-12-13-14-24"	9.5	6.9	1963.88	-1	-1	104	10	-1	-1	
"400.4"	"1-4-7-9-12-13-14-17"	9.3	7.1	1963.88	-1	-1	104	9	-1	-1	
"400.5"	"1-4-7-9-12-13-14-28"	10.1	7.0	1963.88	-1	-1	104	6	-1	-1	
"400.6"	"1-4-7-9-12-13-14-21-28"	9.9	7.9	2126.02	-1	-1	104	28	-1	-1	
"400.7"	"1-4-7-9-12-13-14-17-28"	10.2	7.9	2126.02	-1	-1	104	32	-1	-1	
"400.8"	"1-4-7-9-12-13-14-24-28"	10.5	8.1	2126.02	-1	-1	104	33	-1	-1	
"400.9"	"1-4-7-9-12-13-14-17-21"	9.3	7.9	2126.02	-1	-1	104	31	-1	-1	
"400.12"	"1-4-7-9-12-13-14-21-24-28"	10.2	9.0	2288.16	-1	-1	104	68	-1	-1	
"400.13"	"1-4-7-9-12-13-14-17-21-28"	10.0	8.8	2288.16	-1	-1	104	74	-1	-1	
"400.14"	"1-4-7-9-12-13-14-17-24-28"	10.7	8.6	2288.16	-1	-1	104	76	-1	-1	
"400.15"	"1-4-7-9-12-13-14-17-21-24"	9.8	8.6	2288.16	-1	-1	104	75	-1	-1	
"400.16"	"1-4-7-9-12-13-14-17-21-24-28"	10.6	9.9	2450.3	-1	-1	104	-1	-1	-1	
"400.21"	"1-4-7-9-12-13-14-26"	10.1	7.0	1963.88	-1	-1	-1	11	-1	-1	
"400.22"	"1-4-7-9-12-13-14-17-21-26-28"	10.7	9.7	2450.3	-1	-1	118	-1	-1	-1	
"400.31"	"1-4-7-9-12-13-14-17-21-24-25-28"	10.5	10.5	2596.45	-1	117	513	-1	-1	-1	
"400.41"	"1-4-7-9-12-13-14-21-39"	9.9	7.2	2167.07	-1	-1	-1	5	-1	-1	
"400.42"	"1-4-7-9-12-13-14-17-21-24-28-39-53"	11.9	11.2	2815.64	-1	-1	121	-1	-1	-1	
"400.43"	"1-4-7-9-12-13-14-17-33"	10.5	7.2	2167.07	-1	-1	-1	9	-1	-1	
"400.44"	"1-4-7-9-12-13-14-17-21-24-28-33-52"	12.2	11.1	2815.64	-1	-1	123	-1	-1	-1	
"400.51"	"1-4-7-9-12-13-14-17-21-33-39"	11.6	8.8	2532.41	-1	-1	-1	31	-1	-1	
"400.52"	"1-4-7-9-12-13-14-17-21-24-28-33-39-52-53"	13.5	12.4	3180.98	-1	-1	125	-1	-1	-1	
"400.61"	"1-4-7-9-12-13-14-17-21-24-28-33-39-49"	14.0	9.8	3059.89	-1	-1	485	117	-1	-1	
"400.62"	"1-4-7-9-12-13-14-17-21-24-28-33-39-49-52-53-54"	15.7	13.6	3546.32	-1	-1	485	-1	-1	-1	
"401.1"	"1-4-5-7-9-12-13-14"	15.1	6.4	2004.93	-1	-1	-1	0	-1	-1	
"401.16"	"1-4-5-7-9-12-13-14-17-21-24-28"	18.6	10.0	2653.5	-1	-1	129	117	-1	-1	
"410.1"	"1-2-4-7-9-12-13-14"	12.4	6.6	1947.88	-1	104	-1	2	-1	-1	
"410.2"	"1-2-4-7-9-12-13-14-21"	12.3	7.5	2110.02	-1	105	131	16	-1	-1	
"410.3"	"1-2-4-7-9-12-13-14-24"	12.8	7.5	2110.02	-1	106	131	22	-1	-1	
"410.4"	"1-2-4-7-9-12-13-14-17"	12.8	7.5	2110.02	-1	107	131	21	-1	-1	
"410.5"	"1-2-4-7-9-12-13-14-28"	13.8	7.6	2110.02	-1	108	131	17	-1	-1	
"410.6"	"1-2-4-7-9-12-13-14-21-28"	13.6	8.4	2272.16	-1	109	131	48	-1	-1	
"410.7"	"1-2-4-7-9-12-13-14-17-28"	14.1	8.5	2272.16	-1	110	131	50	-1	-1	
"410.8"	"1-2-4-7-9-12-13-14-24-28"	14.4	8.5	2272.16	-1	111	131	51	-1	-1	
"410.9"	"1-2-4-7-9-12-13-14-17-21"	12.8	8.4	2272.16	-1	112	131	49	-1	-1	
"410.12"	"1-2-4-7-9-12-13-14-21-24-28"	14.1	9.5	2434.3	-1	113	131	90	-1	-1	
"410.13"	"1-2-4-7-9-12-13-14-17-21-28"	13.8	9.3	2434.3	-1	114	131	96	-1	-1	
"410.14"	"1-2-4-7-9-12-13-14-17-24-28"	13.7	9.2	2434.3	-1	115	131	98	-1	-1	
"410.15"	"1-2-4-7-9-12-13-14-17-21-24"	12.5	8.9	2434.3	-1	116	131	97	-1	-1	
"410.16"	"1-2-4-7-9-12-13-14-17-21-24-28"	14.2	10.3	2596.45	-1	117	131	-1	-1	-1	
"410.21"	"1-2-4-7-9-12-13-14-26"	13.3	7.4	2110.02	-1	118	-1	533	-1	-1	
"410.22"	"1-2-4-7-9-12-13-14-17-21-26-28"	14.4	10.2	2596.45	-1	119	145	-1	-1	-1	
"410.41"	"1-2-4-7-9-12-13-14-21-39"	13.2	7.7	2313.21	-1	121	-1	16	-1	-1	
"410.42"	"1-2-4-7-9-12-13-14-17-21-24-28-39-53"	16.2	11.6	2961.78	-1	122	147	-1	-1	-1	
"410.43"	"1-2-4-7-9-12-13-14-17-33"	14.1	7.8	2313.21	-1	123	-1	21	-1	-1	
"410.44"	"1-2-4-7-9-12-13-14-17-21-24-28-33-52"	16.3	11.6	2961.78	-1	124	149	-1	-1	-1	
"410.51"	"1-2-4-7-9-12-13-14-17-21-33-39"	15.8	9.0	2678.55	-1	125	-1	49	-1	-1	
"410.52"	"1-2-4-7-9-12-13-14-17-21-24-28-33-39-52-53"	18.3	12.6	3327.12	-1	126	151	-1	-1	-1	
"410.61"	"1-2-4-7-9-12-13-14-17-21-28-33-39-49"	18.8	10.0	3043.89	-1	485	-1	96	-1	-1	
"410.62"	"1-2-4-7-9-12-13-14-17-21-24-28-33-39-49-52-53-54"	20.8	13.8	3692.46	-1	128	153	-1	-1	-1	
"411.16"	"1-2-4-5-7-9-12-13-14-17-21-24-28"	25.5	10.2	2799.64	-1	130	514	144	-1	-1	
"411.17"	"1-2-4-5-7-9-12-13-14-17-21-24-28-50"	28.0	10.6	2945.78	-1	486	515	534	-1	-1	
"501.1"	"1-4-5-7-9-10-12-13-14"	14.8	6.9	2208.12	-1	-1	-1	0	-1	-1	
"501.5"	"1-4-5-7-9-10-12-13-14-24"	15.3	8.0	2370.27	-1	-1	157	10	-1	-1	
"M1.1"	"1"	6.6	2.3	664.67	-1	-1	-1	-1	-1	-1	
"M2.1"	"1-4"	7.4	3.3	826.81	-1	-1	-1	-1	-1	-1	
"M3.3"	"1-4-11"	7.5	4.1	988.95	-1	-1	-1	-1	-1	-1	
"M4.1"	"1-4-7-11"	7.5	5.1	1151.1	-1	-1	-1	-1	-1	-1	
"M4.7"	"1-4-8-11"	7.3	5.1	1151.1	-1	-1	-1	-1	-1	-1	
"H4.11"	"1-4-7-11-14"	7.4	5.3	1354.29	-1	-1	-1	162	-1	-1	
"M5.1"	"1-4-7-8-11"	7.2	6.2	1313.24	-1	-1	-1	-1	-1	-1	
"H5.11"	"1-4-7-8-11-14"	7.3	6.5	1516.43	-1	-1	-1	165	-1	-1	
"M6.1"	"1-4-7-8-11-15"	6.1	7.1	1475.38	-1	-1	-1	-1	-1	-1	
"M6.10"	"1-4-7-8-11-19"	7.9	6.8	1475.38	-1	-1	-1	-1	-1	-1	
"M7.1"	"1-4-7-8-11-15-30"	5.8	8.0	1637.52	-1	-1	-1	-1	-1	-1	
"M7.2"	"1-4-7-8-11-15-16"	5.1	8.1	1637.52	-1	-1	-1	-1	-1	-1	
"M7.7"	"1-4-7-8-11-15-19"	6.8	7.7	1637.52	-1	-1	-1	-1	-1	-1	
"M8.1"	"1-4-7-8-11-15-16-30"	4.9	9.0	1799.67	-1	-1	-1	-1	-1	-1	
"M8.2"	"1-4-7-8-11-15-19-30"	6.4	8.5	1799.67	-1	-1	-1	-1	-1	-1	
"M9.1"	"1-4-7-8-11-15-16-19-30"	5.2	9.7	1961.81	-1	-1	-1	-1	-1	-1	
"M9.2"	"1-4-7-8-11-15-16-19-30-51"	6.3	10.3	2124.0	-1	-1	-1	-1	-1	-1	
"H4.1"	"1-4-5-7-11-14"	9.5	5.9	1557.49	-1	-1	-1	162	-1	-1	
"H4.3"	"1-4-5-7-11-13-14"	13.1	6.2	1760.68	-1	-1	-1	162	-1	-1	
"H4.4"	"1-4-5-7-11-13-14-24"	13.6	7.2	1922.82	-1	-1	177	535	-1	-1	
"H5.1"	"1-4-5-7-8-11-14"	8.7	6.9	1719.63	-1	-1	-1	165	-1	-1	
"H5.3"	"1-4-5-7-8-11-13-14"	11.9	7.2	1922.82	-1	-1	-1	165	-1	-1	
"H5.4"	"1-4-5-7-8-11-13-14-24"	12.4	8.2	2084.97	-1	-1	180	536	-1	-1	
"000.1F"	"1-3-4-7"	5.8	5.5	1135.1	-1	0	-1	-1	-1	-1	
"000.1X"	"1-4-6-7"	7.2	4.8	1121.07	-1	-1	-1	-1	0	-1	
"000.1FX"	"1-3-4-6-7"	5.6	5.7	1267.21	-1	183	-1	-1	182	-1	
"100.1X"	"1-4-6-7-12"	8.7	5.1	1324.26	-1	-1	-1	183	3	-1	
"100.1FX"	"1-3-4-6-7-12"	7.3	6.2	1470.41	-1	185	-1	184	551	-1	
"100.2F"	"1-3-4-7-14"	6.1	5.5	1338.29	-1	4	-1	182	-1	-1	
"100.2X"	"1-4-6-7-14"	7.7	5.1	1324.26	-1	-1	-1	183	4	-1	
"100.2FX"	"1-3-4-6-7-14"	5.8	6.4	1470.41	-1	188	-1	184	187	-1	
"100.3FX"	"1-3-4-6-7-12-21"	7.3	7.0	1632.55	-1	487	186	-1	552	-1	
"100.4FX"	"1-3-4-6-7-14-28"	6.3	6.9	1632.55	-1	488	189	-1	553	-1	
"100.31FX"	"1-3-4-6-7-12-20-21"	7.4	8.0	1778.69	-1	487	-1	-1	554	-1	
"100.41FX"	"1-3-4-6-7-14-27-28"	6.3	8.0	1778.69	-1	488	-1	-1	555	-1	
"200.1F"	"1-3-4-7-12-14"	7.4	5.9	1541.49	-1	25	-1	182	-1	-1	
"200.1X"	"1-4-6-7-12-14"	8.9	5.5	1527.46	-1	-1	-1	183	25	-1	
"200.1FX"	"1-3-4-6-7-12-14"	7.0	6.5	1673.6	-1	195	-1	184	194	-1	
"200.2FX"	"1-3-4-6-7-12-14-21"	6.9	7.2	1835.74	-1	489	196	190	556	-1	
"200.4FX"	"1-3-4-6-7-12-14-21-28"	7.1	8.1	1997.89	-1	490	196	-1	557	-1	
"200.24FX"	"1-3-4-6-7-12-14-20-21"	7.2	8.3	1981.89	-1	489	-1	192	558	-1	
"210.41FX"	"1-3-4-6-7-12-14-20-21-27-28"	7.7	10.3	2290.17	-1	490	-1	-1	559	-1	
"M1.1F"	"1-3"	5.3	3.1	810.81	-1	159	-1	-1	-1	-1	
"M1.1X"	"1-6"	7.3	2.3	796.78	-1	-1	-1	-1	159	-1	
"M1.1FX"	"1-3-6"	6.3	3.4	942.93	-1	202	-1	-1	201	-1	
"M2.1F"	"1-3-4"	6.1	4.2	972.95	-1	160	-1	-1	-1	-1	
"M2.1X"	"1-4-6"	8.8	3.3	958.93	-1	-1	-1	-1	160	-1	
"M2.1FX"	"1-3-4-6"	7.3	4.4	1105.07	-1	205	-1	-1	204	-1	
"M2.2F"	"1-3-7"	5.2	4.2	972.95	-1	491	-1	-1	-1	-1	
"H5.11F"	"1-3-4-7-8-11-14"	6.0	7.3	1662.58	-1	166	-1	537	-1	-1	
"H5.11X"	"1-4-6-7-8-11-14"	7.4	6.7	1648.55	-1	-1	-1	538	166	-1	
"100.4a"	"1-4-7-14-29"	8.1	5.2	1395.34	-1	-1	-1	0	-1	-1	
"110.4a"	"1-2-4-7-14-29"	10.9	5.7	1541.49	-1	210	-1	2	-1	-1	
"200.3a"	"1-4-7-12-14-29"	9.7	5.4	1598.54	-1	-1	-1	0	-1	-1	
"200.4a"	"1-4-7-12-14-21-29"	10.2	6.4	1760.68	-1	-1	212	5	-1	-1	
"200.4a1"	"1-4-7-12-14-22-28"	11.3	6.5	1760.68	-1	-1	516	6	-1	-1	
"200.4b"	"1-4-7-12-14-22-29"	10.9	6.2	1801.73	-1	-1	-1	0	-1	-1	
"210.3a"	"1-2-4-7-12-14-29"	13.0	6.0	1744.68	-1	212	-1	2	-1	-1	
"210.4a"	"1-2-4-7-12-14-21-29"	13.6	6.9	1906.82	-1	213	216	16	-1	-1	
"210.4a1"	"1-2-4-7-12-14-22-28"	15.5	6.9	1906.82	-1	214	517	17	-1	-1	
"210.4b"	"1-2-4-7-12-14-22-29"	14.7	6.7	1947.88	-1	215	-1	2	-1	-1	
"300.3a"	"1-4-7-12-13-14-29"	12.0	5.7	1801.73	-1	-1	-1	0	-1	-1	
"300.5b"	"1-4-7-12-13-14-22-29"	13.7	6.4	2004.93	-1	-1	-1	0	-1	-1	
"300.8a"	"1-4-7-12-13-14-21-24-29"	12.9	7.6	2126.02	-1	-1	220	34	-1	-1	
"300.8b"	"1-4-7-12-13-14-22-24-29"	14.0	7.3	2167.07	-1	-1	221	10	-1	-1	
"300.9a"	"1-4-7-12-13-14-24-29"	12.5	6.7	1963.88	-1	-1	220	10	-1	-1	
"300.12a"	"1-4-7-9-12-14-29"	8.1	6.4	1801.73	-1	-1	-1	0	-1	-1	
"300.13b"	"1-4-7-9-12-14-18-29"	8.6	6.6	2004.93	-1	-1	-1	0	-1	-1	
"300.18a"	"1-4-7-9-12-14-17-21-29"	8.2	8.0	2126.02	-1	-1	225	31	-1	-1	
"300.18b"	"1-4-7-9-12-14-18-21-29"	8.5	7.6	2167.07	-1	-1	226	5	-1	-1	
"300.18c"	"1-4-7-9-12-14-18-22-29"	9.1	7.3	2208.12	-1	-1	-1	0	-1	-1	
"310.3a"	"1-2-4-7-12-13-14-29"	16.2	6.4	1947.88	-1	220	-1	2	-1	-1	
"310.5b"	"1-2-4-7-12-13-14-22-29"	18.1	6.9	2151.07	-1	221	-1	2	-1	-1	
"310.8a"	"1-2-4-7-12-13-14-21-24-29"	17.2	8.2	2272.16	-1	222	230	53	-1	-1	
"310.8b"	"1-2-4-7-12-13-14-22-24-29"	18.5	8.0	2313.21	-1	223	231	22	-1	-1	
"310.9a"	"1-2-4-7-12-13-14-24-29"	16.6	7.3	2110.02	-1	224	230	22	-1	-1	
"310.12a"	"1-2-4-7-9-12-14-29"	11.0	6.9	1947.88	-1	225	-1	2	-1	-1	
"310.13b"	"1-2-4-7-9-12-14-18-29"	11.8	7.0	2151.07	-1	226	-1	2	-1	-1	
"310.18a"	"1-2-4-7-9-12-14-17-21-29"	11.0	8.5	2272.16	-1	227	235	49	-1	-1	
"310.18b"	"1-2-4-7-9-12-14-18-21-29"	11.7	8.1	2313.21	-1	228	236	16	-1	-1	
"310.18c"	"1-2-4-7-9-12-14-18-22-29"	12.2	7.8	2354.27	-1	229	-1	2	-1	-1	
"400.5a"	"1-4-7-9-12-13-14-29"	10.3	6.6	2004.93	-1	-1	-1	0	-1	-1	
"400.6b"	"1-4-7-9-12-13-14-22-29"	10.7	7.2	2208.12	-1	-1	-1	0	-1	-1	
"400.13c"	"1-4-7-9-12-13-14-18-22-29"	11.3	7.6	2411.32	-1	-1	-1	0	-1	-1	
"400.16a"	"1-4-7-9-12-13-14-17-21-24-29"	10.5	9.1	2491.36	-1	-1	240	75	-1	-1	
"400.16b"	"1-4-7-9-12-13-14-17-22-24-29"	11.5	8.8	2532.41	-1	-1	241	480	-1	-1	
"400.16c"	"1-4-7-9-12-13-14-18-22-24-29"	11.9	8.4	2573.46	-1	-1	242	10	-1	-1	
"410.5a"	"1-2-4-7-9-12-13-14-29"	14.0	7.2	2151.07	-1	240	-1	2	-1	-1	
"410.6b"	"1-2-4-7-9-12-13-14-22-29"	14.4	7.7	2354.27	-1	241	-1	2	-1	-1	
"410.13c"	"1-2-4-7-9-12-13-14-18-22-29"	15.1	8.2	2557.46	-1	242	-1	2	-1	-1	
"410.16a"	"1-2-4-7-9-12-13-14-17-21-24-29"	14.0	9.7	2637.5	-1	243	246	97	-1	-1	
"410.16b"	"1-2-4-7-9-12-13-14-17-22-24-29"	15.1	9.4	2678.55	-1	244	247	52	-1	-1	
"410.16c"	"1-2-4-7-9-12-13-14-18-22-24-29"	15.6	9.0	2719.6	-1	245	248	22	-1	-1	
"1A1-100.3"	"1-4-7-12-21-35"	11.9	5.8	1645.55	-1	-1	-1	-1	-1	5	
"1A2-100.3"	"1-4-7-12-21-36"	11.1	5.0	1645.55	-1	-1	-1	-1	-1	5	
"1A1-100.4"	"1-4-7-14-28-46"	7.8	6.0	1645.55	-1	-1	-1	-1	-1	6	
"1A2-100.4"	"1-4-7-14-28-47"	9.1	5.4	1645.55	-1	-1	-1	-1	-1	6	
"1A2-100.8"	"1-4-7-9-17-32"	9.1	5.1	1645.55	-1	-1	-1	-1	-1	9	
"1A1-100.9"	"1-4-7-13-24-40"	11.1	6.0	1645.55	-1	-1	-1	-1	-1	10	
"1A2-100.9"	"1-4-7-13-24-41"	9.9	5.2	1645.55	-1	-1	-1	-1	-1	10	
"1A2-100.10"	"1-4-7-13-26-43"	10.7	5.2	1645.55	-1	-1	-1	-1	-1	11	
"1A1-101.4"	"1-4-5-7-14-28-46"	9.8	6.0	1848.74	-1	-1	-1	254	-1	13	
"1A2-110.3"	"1-2-4-7-12-21-36"	14.5	5.5	1791.69	-1	253	-1	-1	-1	16	
"1A1-110.4"	"1-2-4-7-14-28-46"	10.9	6.4	1791.69	-1	254	-1	-1	-1	17	
"1A2-110.4"	"1-2-4-7-14-28-47"	11.8	5.6	1791.69	-1	255	-1	-1	-1	17	
"1A2-110.8"	"1-2-4-7-9-17-32"	11.3	5.5	1791.69	-1	256	-1	-1	-1	21	
"1A1-111.4"	"1-2-4-5-7-14-28-46"	13.4	6.4	1994.89	-1	260	-1	262	-1	24	
"1A1-200.2"	"1-4-7-12-14-21-35"	11.0	6.0	1848.74	-1	-1	-1	252	-1	26	
"1A2-200.2"	"1-4-7-12-14-21-36"	10.9	5.3	1848.74	-1	-1	-1	253	-1	26	
"1A1-200.3"	"1-4-7-12-14-28-46"	9.3	6.2	1848.74	-1	-1	-1	254	-1	27	
"1A2-200.3"	"1-4-7-12-14-28-47"	10.8	5.6	1848.74	-1	-1	-1	255	-1	27	
"1A1-200.4"	"1-4-7-12-14-21-28-46"	9.9	6.9	2010.89	-1	-1	268	-1	-1	28	
"1A2-200.4"	"1-4-7-12-14-21-28-35"	12.2	6.9	2010.89	-1	-1	266	-1	-1	28	
"1A3-200.4"	"1-4-7-12-14-21-28-47"	11.3	6.5	2010.89	-1	-1	269	-1	-1	28	
"1A4-200.4"	"1-4-7-12-14-21-28-36"	11.7	6.5	2010.89	-1	-1	267	-1	-1	28	
"1A2-200.4a1"	"1-4-7-12-14-22-28-47"	12.1	6.3	2051.94	-1	-1	-1	255	-1	214	
"1A1-200.10"	"1-4-7-13-14-28-46"	9.5	6.2	1848.74	-1	-1	-1	254	-1	30	
"1A2-200.17"	"1-4-7-13-14-26-28-47"	11.6	6.4	2010.89	-1	-1	-1	-1	-1	35	
"1A2-200.18"	"1-4-7-12-13-21-26-36"	12.9	6.3	2010.89	-1	-1	-1	-1	-1	36	
"1A1-201.3"	"1-4-5-7-12-14-28-46"	11.9	6.3	2051.94	-1	-1	-1	254	-1	41	
"1A1-201.4"	"1-4-5-7-12-14-21-28-46"	12.7	7.2	2214.08	-1	-1	278	270	-1	42	
"1A1-210.2"	"1-2-4-7-12-14-21-35"	13.7	6.1	1994.89	-1	266	-1	539	-1	46	
"1A1-210.3"	"1-2-4-7-12-14-28-46"	12.5	6.6	1994.89	-1	268	-1	262	-1	47	
"1A2-210.3"	"1-2-4-7-12-14-28-47"	14.2	6.0	1994.89	-1	269	-1	263	-1	47	
"1A1-210.4"	"1-2-4-7-12-14-21-28-46"	13.3	7.4	2157.03	-1	270	281	-1	-1	48	
"1A2-210.4"	"1-2-4-7-12-14-21-28-35"	15.7	7.4	2157.03	-1	271	280	-1	-1	48	
"1A3-210.4"	"1-2-4-7-12-14-21-28-47"	14.8	6.8	2157.03	-1	272	282	-1	-1	48	
"1A4-210.4"	"1-2-4-7-12-14-21-28-36"	15.2	6.8	2157.03	-1	273	518	-1	-1	48	
"1A2-210.4a1"	"1-2-4-7-12-14-22-28-47"	16.3	6.6	2198.08	-1	274	-1	263	-1	218	
"1A1-211.3"	"1-2-4-5-7-12-14-28-46"	16.6	6.7	2198.08	-1	278	-1	262	-1	60	
"1A1-211.4"	"1-2-4-5-7-12-14-21-28-46"	18.3	7.7	2360.22	-1	279	288	283	-1	61	
"1A2-300.2"	"1-4-7-12-13-14-21-36"	12.4	5.7	2051.94	-1	-1	-1	253	-1	63	
"1A1-300.3"	"1-4-7-12-13-14-28-46"	11.2	6.3	2051.94	-1	-1	-1	254	-1	64	
"1A2-300.3"	"1-4-7-12-13-14-28-47"	12.8	5.8	2051.94	-1	-1	-1	255	-1	64	
"1A2-300.4"	"1-4-7-12-13-14-24-41"	12.1	5.8	2051.94	-1	-1	-1	258	-1	65	
"1A1-300.8"	"1-4-7-12-13-14-21-24-28-46"	11.9	8.2	2376.22	-1	-1	291	-1	-1	68	
"1A4-300.8"	"1-4-7-12-13-14-21-24-28-47"	13.8	7.5	2376.22	-1	-1	292	-1	-1	68	
"1A5-300.8"	"1-4-7-12-13-14-21-24-28-41"	13.8	7.5	2376.22	-1	-1	293	-1	-1	68	
"1A6-300.8"	"1-4-7-12-13-14-21-24-28-36"	14.2	7.6	2376.22	-1	-1	290	-1	-1	68	
"1A1-300.18"	"1-4-7-9-12-14-17-21-28-31"	8.2	8.7	2376.22	-1	-1	519	-1	-1	74	
"1A1-300.21"	"1-4-7-12-13-14-23-26"	13.2	5.8	2051.94	-1	-1	-1	540	-1	77	
"1A2-300.21"	"1-4-7-12-13-14-26-43"	13.6	5.8	2051.94	-1	-1	-1	259	-1	77	
"1A1-300.22"	"1-4-7-12-13-14-21-23-26-28"	15.2	7.5	2376.22	-1	-1	299	-1	-1	78	
"1A4-300.22"	"1-4-7-12-13-14-21-26-28-47"	14.0	7.5	2376.22	-1	-1	306	-1	-1	78	
"1A5-300.22"	"1-4-7-12-13-14-21-26-28-43"	15.7	7.5	2376.22	-1	-1	300	-1	-1	78	
"1A6-300.22"	"1-4-7-12-13-14-21-26-28-36"	14.5	7.5	2376.22	-1	-1	307	-1	-1	78	
"1A1-300.23"	"1-4-7-12-13-14-23-26-28"	14.8	6.7	2214.08	-1	-1	299	541	-1	79	
"1A2-300.23"	"1-4-7-12-13-14-26-28-47"	13.9	6.7	2214.08	-1	-1	-1	276	-1	79	
"1A2-300.24"	"1-4-7-12-13-14-21-26-36"	13.3	6.6	2214.08	-1	-1	-1	277	-1	80	
"1A1-400.2"	"1-4-7-9-12-13-14-21-35"	10.5	7.1	2255.13	-1	-1	-1	252	-1	105	
"1A1-400.3"	"1-4-7-9-12-13-14-24-40"	12.0	7.3	2255.13	-1	-1	-1	257	-1	106	
"1A1-400.5"	"1-4-7-9-12-13-14-28-46"	9.7	7.2	2255.13	-1	-1	-1	254	-1	108	
"1A2-400.16"	"1-4-7-9-12-13-14-17-21-24-28-35"	12.2	9.9	2741.56	-1	-1	308	-1	-1	117	
"1A3-400.16"	"1-4-7-9-12-13-14-17-21-24-28-40"	13.4	9.9	2741.56	-1	-1	309	-1	-1	117	
"1A4-400.16"	"1-4-7-9-12-13-14-17-21-24-28-46"	10.0	9.9	2741.56	-1	-1	310	-1	-1	117	
"2A1-200.4"	"1-4-7-12-14-21-28-35-46"	10.9	7.4	2302.14	-1	-1	-1	-1	-1	28	
"2A2-200.4"	"1-4-7-12-14-21-28-35-47"	12.6	7.0	2302.14	-1	-1	-1	-1	-1	28	
"2A3-200.4"	"1-4-7-12-14-21-28-36-46"	10.8	7.0	2302.14	-1	-1	-1	-1	-1	28	
"2A4-200.4"	"1-4-7-12-14-21-28-36-47"	12.4	6.5	2302.14	-1	-1	-1	-1	-1	28	
"2A2-200.11"	"1-4-7-9-12-17-21-32-36"	9.1	6.2	2302.14	-1	-1	-1	-1	-1	31	
"2A2-200.12"	"1-4-7-9-14-17-28-32-47"	10.0	6.1	2302.14	-1	-1	-1	-1	-1	32	
"2A1-200.13"	"1-4-7-13-14-24-28-40-46"	11.9	7.6	2302.14	-1	-1	-1	-1	-1	33	
"2A2-200.13"	"1-4-7-13-14-24-28-41-47"	11.4	6.1	2302.14	-1	-1	-1	-1	-1	33	
"2A2-200.15"	"1-4-7-12-13-21-24-36-41"	14.0	6.2	2302.14	-1	-1	-1	-1	-1	34	
"2A2-200.17"	"1-4-7-13-14-26-28-43-47"	13.1	6.1	2302.14	-1	-1	-1	-1	-1	35	
"2A2-200.18"	"1-4-7-12-13-21-26-36-43"	15.2	6.1	2302.14	-1	-1	-1	-1	-1	36	
"2A1-201.4"	"1-4-5-7-12-14-21-28-35-46"	14.6	7.4	2505.34	-1	-1	-1	314	-1	42	
"2A1-210.4"	"1-2-4-7-12-14-21-28-35-46"	14.3	7.6	2448.29	-1	314	-1	-1	-1	48	
"2A4-210.4"	"1-2-4-7-12-14-21-28-36-47"	16.5	6.9	2448.29	-1	317	-1	-1	-1	48	
"2A2-210.11"	"1-2-4-7-9-12-17-21-32-36"	11.3	6.5	2448.29	-1	318	-1	-1	-1	49	
"2A2-210.12"	"1-2-4-7-9-14-17-28-32-47"	12.5	6.3	2448.29	-1	319	-1	-1	-1	50	
"2A1-211.4"	"1-2-4-5-7-12-14-21-28-35-46"	18.2	7.8	2651.48	-1	325	-1	326	-1	61	
"2A1-300.5"	"1-4-7-12-13-14-21-28-35-46"	12.6	7.4	2505.34	-1	-1	-1	314	-1	66	
"2A2-300.5"	"1-4-7-12-13-14-21-28-36-47"	14.7	6.3	2505.34	-1	-1	-1	317	-1	66	
"2A2-300.6"	"1-4-7-12-13-14-21-24-36-41"	14.0	6.3	2505.34	-1	-1	-1	322	-1	67	
"2A1-300.8"	"1-4-7-12-13-14-21-24-28-35-46"	13.1	8.3	2667.48	-1	-1	331	-1	-1	68	
"2A4-300.8"	"1-4-7-12-13-14-21-24-28-36-47"	15.1	7.1	2667.48	-1	-1	332	-1	-1	68	
"2A5-300.8"	"1-4-7-12-13-14-21-24-28-36-41"	15.1	7.1	2667.48	-1	-1	333	-1	-1	68	
"2A6-300.8"	"1-4-7-12-13-14-21-24-28-41-47"	14.2	7.1	2667.48	-1	-1	338	-1	-1	68	
"2A2-300.9"	"1-4-7-12-13-14-24-28-41-47"	13.9	6.3	2505.34	-1	-1	-1	321	-1	69	
"2A2-300.13"	"1-4-7-9-12-14-17-28-32-47"	9.4	6.4	2505.34	-1	-1	-1	319	-1	71	
"2A2-300.14"	"1-4-7-9-12-14-21-28-36-47"	9.6	6.6	2505.34	-1	-1	-1	317	-1	72	
"2A2-300.15"	"1-4-7-9-12-14-17-21-32-36"	9.2	6.4	2505.34	-1	-1	-1	318	-1	73	
"2A1-300.18"	"1-4-7-9-12-14-17-21-28-32-47"	9.5	7.2	2667.48	-1	-1	339	-1	-1	74	
"2A2-300.18"	"1-4-7-9-12-14-17-21-28-32-36"	10.0	7.3	2667.48	-1	-1	341	-1	-1	74	
"2A3-300.18"	"1-4-7-9-12-14-17-21-28-36-47"	10.0	7.3	2667.48	-1	-1	340	-1	-1	74	
"2A4-300.18"	"1-4-7-9-12-14-17-21-28-35-46"	7.9	8.7	2667.48	-1	-1	520	-1	-1	74	
"2A4-300.22"	"1-4-7-12-13-14-21-26-28-36-47"	15.4	7.1	2667.48	-1	-1	-1	-1	-1	78	
"2A5-300.22"	"1-4-7-12-13-14-21-26-28-36-43"	17.1	7.2	2667.48	-1	-1	350	-1	-1	78	
"2A6-300.22"	"1-4-7-12-13-14-21-26-28-43-47"	16.2	7.1	2667.48	-1	-1	349	-1	-1	78	
"2A2-300.23"	"1-4-7-12-13-14-26-28-43-47"	15.9	6.4	2505.34	-1	-1	-1	323	-1	79	
"2A2-300.24"	"1-4-7-12-13-14-21-26-36-43"	15.7	6.3	2505.34	-1	-1	-1	324	-1	80	
"2A1-300.31"	"1-4-7-12-13-14-21-24-25-28-35-46"	12.9	9.1	2813.62	-1	334	-1	-1	-1	81	
"2A1-310.8"	"1-2-4-7-12-13-14-21-24-28-35-46"	16.9	9.1	2813.62	-1	334	521	-1	-1	90	
"2A2-310.13"	"1-2-4-7-9-12-14-17-28-32-47"	12.4	6.7	2651.48	-1	339	-1	329	-1	93	
"2A2-310.14"	"1-2-4-7-9-12-14-21-28-36-47"	12.2	6.9	2651.48	-1	340	-1	327	-1	94	
"2A2-310.15"	"1-2-4-7-9-12-14-17-21-32-36"	11.8	6.8	2651.48	-1	341	-1	328	-1	95	
"2A1-310.18"	"1-2-4-7-9-12-14-17-21-28-32-47"	12.3	7.5	2813.62	-1	342	353	-1	-1	96	
"2A2-310.18"	"1-2-4-7-9-12-14-17-21-28-32-36"	12.6	7.6	2813.62	-1	343	355	-1	-1	96	
"2A3-310.18"	"1-2-4-7-9-12-14-17-21-28-36-47"	12.6	7.6	2813.62	-1	344	354	-1	-1	96	
"2A1-310.31"	"1-2-4-7-12-13-14-21-24-25-28-35-46"	16.4	9.8	2959.77	-1	334	-1	-1	-1	101	
"2A1-400.6"	"1-4-7-9-12-13-14-21-28-35-46"	10.8	8.3	2708.53	-1	-1	-1	314	-1	109	
"2A1-400.8"	"1-4-7-9-12-13-14-24-28-40-46"	12.1	8.5	2708.53	-1	-1	-1	320	-1	111	
"2A5-400.16"	"1-4-7-9-12-13-14-17-21-24-28-35-46"	11.5	10.0	3032.82	-1	-1	360	-1	-1	117	
"2A6-400.16"	"1-4-7-9-12-13-14-17-21-24-28-40-46"	12.0	10.1	3032.82	-1	-1	361	-1	-1	117	
"3A1-300.8"	"1-4-7-12-13-14-21-24-28-35-40-46"	15.3	8.5	2958.74	-1	-1	-1	-1	-1	68	
"3A2-300.8"	"1-4-7-12-13-14-21-24-28-35-41-46"	13.1	8.0	2958.74	-1	-1	-1	-1	-1	68	
"3A3-300.8"	"1-4-7-12-13-14-21-24-28-36-41-46"	13.0	7.6	2958.74	-1	-1	-1	-1	-1	68	
"3A4-300.8"	"1-4-7-12-13-14-21-24-28-36-41-47"	15.4	6.8	2958.74	-1	-1	-1	-1	-1	68	
"3A1-300.18"	"1-4-7-9-12-14-17-21-28-31-35-46"	8.2	8.8	2958.74	-1	-1	-1	-1	-1	74	
"3A2-300.18"	"1-4-7-9-12-14-17-21-28-32-36-47"	9.8	6.8	2958.74	-1	-1	-1	-1	-1	74	
"3A3-300.18"	"1-4-7-9-12-14-17-21-28-31-36-47"	9.1	8.1	2958.74	-1	-1	-1	-1	-1	74	
"3A4-300.18"	"1-4-7-9-12-14-17-21-28-32-35-46"	9.0	8.4	2958.74	-1	-1	-1	-1	-1	74	
"3A5-300.19"	"1-4-7-9-12-13-17-21-24-32-36-41"	11.0	7.4	2958.74	-1	-1	-1	-1	-1	75	
"3A3-300.20"	"1-4-7-9-13-14-17-24-28-32-41-47"	12.8	7.1	2958.74	-1	-1	-1	-1	-1	76	
"3A1-300.22"	"1-4-7-12-13-14-21-23-26-28-35-46"	13.4	7.9	2958.74	-1	-1	-1	-1	-1	78	
"3A4-300.22"	"1-4-7-12-13-14-21-26-28-36-43-47"	17.8	6.8	2958.74	-1	-1	-1	-1	-1	78	
"3A2-300.31"	"1-4-7-12-13-14-21-24-25-28-35-41-46"	13.6	8.7	3104.88	-1	365	-1	-1	-1	81	
"3A1-310.8"	"1-2-4-7-12-13-14-21-24-28-35-40-46"	19.6	8.7	3104.88	-1	364	-1	-1	-1	90	
"3A2-310.8"	"1-2-4-7-12-13-14-21-24-28-35-41-46"	17.3	8.8	3104.88	-1	365	-1	-1	-1	90	
"3A4-310.8"	"1-2-4-7-12-13-14-21-24-28-36-41-47"	19.6	8.0	3104.88	-1	367	-1	-1	-1	90	
"3A2-310.18"	"1-2-4-7-9-12-14-17-21-28-32-36-47"	12.2	7.5	3104.88	-1	369	-1	-1	-1	96	
"3A5-310.19"	"1-2-4-7-9-12-13-17-21-24-32-36-41"	13.3	7.5	3104.88	-1	372	-1	-1	-1	97	
"3A3-310.20"	"1-2-4-7-9-13-14-17-24-28-32-41-47"	15.7	7.2	3104.88	-1	373	-1	-1	-1	98	
"3A2-310.31"	"1-2-4-7-12-13-14-21-24-25-28-35-41-46"	16.7	9.5	3251.03	-1	365	-1	-1	-1	101	
"3A6-400.12"	"1-4-7-9-12-13-14-21-24-28-36-41-47"	12.2	7.6	3161.93	-1	-1	-1	367	-1	113	
"3A8-400.12"	"1-4-7-9-12-13-14-21-24-28-35-40-46"	13.5	9.5	3161.93	-1	-1	-1	364	-1	113	
"3A4-400.13"	"1-4-7-9-12-13-14-17-21-28-32-36-47"	11.6	7.5	3161.93	-1	-1	-1	369	-1	114	
"3A3-400.14"	"1-4-7-9-12-13-14-17-24-28-32-41-47"	12.2	7.4	3161.93	-1	-1	-1	373	-1	115	
"3A5-400.15"	"1-4-7-9-12-13-14-17-21-24-32-36-41"	11.8	7.5	3161.93	-1	-1	-1	372	-1	116	
"3A3-400.16"	"1-4-7-9-12-13-14-17-21-24-28-32-41-47"	11.5	8.1	3324.08	-1	-1	387	-1	-1	117	
"3A4-400.16"	"1-4-7-9-12-13-14-17-21-24-28-32-36-47"	12.1	8.2	3324.08	-1	-1	386	-1	-1	117	
"3A5-400.16"	"1-4-7-9-12-13-14-17-21-24-28-32-36-41"	12.5	8.1	3324.08	-1	-1	388	-1	-1	117	
"3A6-400.16"	"1-4-7-9-12-13-14-17-21-24-28-36-41-47"	12.5	8.1	3324.08	-1	-1	384	-1	-1	117	
"3A8-400.16"	"1-4-7-9-12-13-14-17-21-24-28-35-40-46"	13.5	10.2	3324.08	-1	-1	385	-1	-1	117	
"3A6-410.12"	"1-2-4-7-9-12-13-14-21-24-28-36-41-47"	15.7	7.7	3308.08	-1	384	-1	379	-1	140	
"3A4-410.13"	"1-2-4-7-9-12-13-14-17-21-28-32-36-47"	15.0	7.5	3308.08	-1	386	-1	380	-1	141	
"3A3-410.14"	"1-2-4-7-9-12-13-14-17-24-28-32-41-47"	15.4	7.6	3308.08	-1	387	-1	382	-1	142	
"3A5-410.15"	"1-2-4-7-9-12-13-14-17-21-24-32-36-41"	14.9	7.6	3308.08	-1	388	-1	381	-1	143	
"3A3-410.16"	"1-2-4-7-9-12-13-14-17-21-24-28-32-41-47"	14.7	8.3	3470.22	-1	389	396	-1	-1	144	
"3A4-410.16"	"1-2-4-7-9-12-13-14-17-21-24-28-32-36-47"	15.2	8.3	3470.22	-1	390	395	-1	-1	144	
"3A5-410.16"	"1-2-4-7-9-12-13-14-17-21-24-28-32-36-41"	15.9	8.5	3470.22	-1	391	397	-1	-1	144	
"3A6-410.16"	"1-2-4-7-9-12-13-14-17-21-24-28-36-41-47"	15.9	8.5	3470.22	-1	392	394	-1	-1	144	
"4A1-300.22"	"1-4-7-12-13-14-21-23-26-28-35-43-46"	13.8	7.8	3250.0	-1	-1	-1	-1	-1	78	
"4A2-300.22"	"1-4-7-12-13-14-21-23-26-28-36-43-46"	13.4	7.4	3250.0	-1	-1	-1	-1	-1	78	
"4A2-400.16"	"1-4-7-9-12-13-14-17-21-24-28-32-36-41-47"	11.5	8.7	3615.33	-1	-1	-1	-1	-1	117	
"4A2-410.16"	"1-2-4-7-9-12-13-14-17-21-24-28-32-36-41-47"	14.3	9.0	3761.48	-1	404	-1	-1	-1	144	
"1G1-100.3"	"1-4-7-12-21-34"	9.5	6.0	1661.55	-1	-1	-1	-1	-1	5	
"1G1-100.4"	"1-4-7-14-28-45"	6.2	6.1	1661.55	-1	-1	-1	-1	-1	6	
"1G1-110.3"	"1-2-4-7-12-21-34"	11.8	6.4	1807.69	-1	406	-1	-1	-1	16	
"1G1-110.4"	"1-2-4-7-14-28-45"	8.9	6.5	1807.69	-1	407	-1	-1	-1	17	
"1G1-200.2"	"1-4-7-12-14-21-34"	8.9	6.2	1864.74	-1	-1	-1	406	-1	26	
"1G1-200.3"	"1-4-7-12-14-28-45"	7.5	6.4	1864.74	-1	-1	-1	407	-1	27	
"1G1-200.4"	"1-4-7-12-14-21-28-45"	8.0	7.3	2026.89	-1	-1	411	-1	-1	28	
"1G2-200.4"	"1-4-7-12-14-21-28-34"	9.7	7.2	2026.89	-1	-1	410	-1	-1	28	
"1G1-210.2"	"1-2-4-7-12-14-21-34"	11.1	6.7	2010.89	-1	410	-1	408	-1	46	
"1G1-210.3"	"1-2-4-7-12-14-28-45"	10.0	6.8	2010.89	-1	411	-1	409	-1	47	
"1G1-210.4"	"1-2-4-7-12-14-21-28-45"	10.8	8.1	2173.03	-1	412	415	-1	-1	48	
"1G2-210.4"	"1-2-4-7-12-14-21-28-34"	12.0	7.7	2173.03	-1	413	414	-1	-1	48	
"2G1-200.4"	"1-4-7-12-14-21-28-34-45"	7.5	7.8	2334.14	-1	-1	-1	-1	-1	28	
"2G3-200.4"	"1-4-7-12-14-21-28-37-45"	8.7	7.4	2334.14	-1	-1	-1	-1	-1	28	
"2G1-210.4"	"1-2-4-7-12-14-21-28-34-45"	9.8	8.2	2480.29	-1	418	-1	-1	-1	48	
"200.1589"	"1-4-7-12-13-21-24-59-60"	10.4	8.7	2043.91	34	-1	-1	-1	-1	-1	
"301.689"	"1-4-5-7-12-13-14-21-24-59-60"	17.1	8.8	2450.3	470	-1	-1	421	-1	-1	
"400.1592"	"1-4-7-9-12-13-14-17-21-24-57-59-60"	9.3	11.2	2774.59	116	-1	-1	542	-1	-1	
"401.1295"	"1-4-5-7-9-12-13-14-21-24-28-59-60-61"	12.2	11.2	2977.78	471	-1	-1	438	-1	-1	
"401.1592"	"1-4-5-7-9-12-13-14-17-21-24-57-59-60"	13.6	11.4	2977.78	472	-1	-1	542	-1	-1	
"MF1.1F"	"1-2-3"	7.7	3.5	956.95	-1	159	-1	-1	-1	-1	
"MF2.1F"	"1-2-3-4"	8.7	4.6	1119.1	-1	160	-1	-1	-1	-1	
"010.1F"	"1-2-3-4-7"	8.6	5.5	1281.24	-1	0	-1	-1	-1	-1	
"110.4F"	"1-2-3-4-7-14-14-28"	8.9	7.0	1849.77	-1	492	522	-1	-1	-1	
"MF2.1FG"	"1-2-3-4-55"	9.8	5.7	1281.24	-1	493	427	-1	-1	-1	
"010.1FG"	"1-2-3-4-7-55"	9.8	6.7	1443.38	-1	432	428	-1	-1	-1	
"010.1G"	"1-2-4-7-55"	11.3	5.8	1297.24	-1	-1	2	-1	-1	-1	
"500.1"	"1-4-7-9-10-12-13-14"	10.0	6.5	2004.93	-1	-1	-1	0	-1	-1	
"500.51"	"1-4-7-9-10-12-13-14-17-21-24-28-56"	11.4	11.2	2815.64	-1	-1	433	-1	-1	-1	
"HF5.12"	"1-2-4-7-8-11-14-28"	10.5	7.9	1824.72	-1	462	523	-1	-1	-1	
"400.96"	"1-4-7-9-12-13-14-17-21-24-28-57-59-60-61"	8.5	12.9	3098.87	117	-1	-1	-1	-1	-1	
"400.92"	"1-4-7-9-12-13-14-17-21-24-28-57-59-60"	9.8	12.3	2936.73	117	-1	423	-1	-1	-1	
"300.95"	"1-4-7-12-13-14-21-24-28-59-60-61"	10.4	10.7	2571.39	68	-1	-1	-1	-1	-1	
"300.89"	"1-4-7-12-13-14-21-24-59-60"	11.6	9.7	2247.11	67	-1	-1	421	-1	-1	
"401.96"	"1-4-5-7-9-12-13-14-17-21-24-28-57-59-60-61"	12.2	13.0	3302.07	130	-1	-1	436	-1	-1	
"401.95"	"1-4-5-7-9-12-13-14-17-21-24-28-59-60-61"	13.0	12.2	3139.93	130	-1	424	543	-1	-1	
"301.95"	"1-4-5-7-12-13-14-21-24-28-59-60-61"	14.5	10.6	2774.59	85	-1	-1	438	-1	-1	
"401.92"	"1-4-5-7-9-12-13-14-17-21-24-28-57-59-60"	15.4	12.3	3139.93	130	-1	425	437	-1	-1	
"301.89"	"1-4-5-7-12-13-14-21-24-28-59-60"	19.0	9.7	2612.45	85	-1	422	544	-1	-1	
"500.67"	"1-4-7-9-10-12-13-14-17-21-24-28-56-57-58-59-60"	11.2	14.1	3464.21	434	-1	524	-1	-1	-1	
"401.1494"	"1-4-5-7-9-12-13-14-17-24-28-57-60-61"	13.3	11.5	2977.78	473	-1	-1	545	-1	-1	
"301.590"	"1-4-5-7-12-13-14-21-28-59-61"	14.7	9.1	2450.3	474	-1	-1	546	-1	-1	
"301.90"	"1-4-5-7-12-13-14-21-24-28-59-61"	15.1	9.7	2612.45	85	-1	447	547	-1	-1	
"1A4-300.89"	"1-4-7-12-13-14-21-24-28-46-59-60"	11.0	9.9	2700.51	294	-1	-1	-1	-1	544	
"1A4-401.92"	"1-4-5-7-9-12-13-14-17-21-24-28-46-57-59-60"	10.9	12.4	3431.18	458	-1	-1	453	-1	443	
"1A4-401.89"	"1-4-5-7-9-12-13-14-17-21-24-28-46-59-60"	11.6	11.7	3269.04	458	-1	459	452	-1	560	
"1A4-400.89"	"1-4-7-9-12-13-14-17-21-24-28-46-59-60"	9.1	11.4	3065.85	313	-1	525	-1	-1	561	
"1A4-400.92"	"1-4-7-9-12-13-14-17-21-24-28-46-57-59-60"	9.1	12.4	3227.99	313	-1	-1	-1	-1	437	
"1A5-500.67"	"1-4-7-9-10-12-13-14-17-21-24-28-46-56-57-58-59-60"	9.7	14.2	3755.47	475	-1	-1	-1	-1	445	
"1A4-301.984"	"1-4-5-7-12-13-14-24-28-46-60"	14.3	8.0	2579.42	476	-1	-1	548	-1	562	
"1A4-301.583"	"1-4-5-7-12-13-14-21-28-46-59"	13.9	8.5	2579.42	477	-1	-1	549	-1	563	
"1A4-301.83"	"1-4-5-7-12-13-14-21-24-28-46-59"	14.8	9.1	2741.56	463	-1	456	550	-1	564	
"1A4-401.16"	"1-4-5-7-9-12-13-14-17-21-24-28-46"	13.1	10.0	2944.76	-1	-1	526	313	-1	130	
"1A4-401.1289"	"1-4-5-7-9-12-13-14-21-24-28-46-59-60"	11.0	11.0	3106.9	478	-1	-1	449	-1	565	
"1A4-301.89"	"1-4-5-7-12-13-14-21-24-28-46-59-60"	14.0	10.0	2903.7	463	-1	-1	449	-1	444	
"2A5-400.87"	"1-4-7-9-12-13-14-17-21-24-28-35-46-57-60"	8.2	11.4	3357.1	362	-1	-1	-1	-1	566	
"H5.12"	"1-4-7-8-11-14-28"	7.9	7.4	1678.58	-1	-1	166	-1	-1	-1	
"1A1-301.8"	"1-4-5-7-12-13-14-21-24-28-46"	15.3	8.3	2579.42	-1	-1	527	294	-1	85	
"1A6-410.16"	"1-2-4-7-9-12-13-14-17-21-24-28-36"	15.6	9.7	2887.7	-1	494	528	-1	-1	144	
"1A8-410.16"	"1-2-4-7-9-12-13-14-17-21-24-28-47"	15.2	9.7	2887.7	-1	495	529	-1	-1	144	
"1A4-310.18"	"1-2-4-7-9-12-14-17-21-28-47"	12.0	8.4	2522.37	-1	496	530	-1	-1	96	
"2A8-410.16"	"1-2-4-7-9-12-13-14-17-21-24-28-36-47"	16.0	9.2	3178.96	-1	497	531	-1	-1	144	
"2A7-410.16"	"1-2-4-7-9-12-13-14-17-21-24-28-36-41"	16.0	9.2	3178.96	-1	498	532	-1	-1	144	
"2A2-210.15"	"1-2-4-7-12-13-21-24-36-41"	16.2	6.6	2448.29	-1	322	-1	-1	-1	53	
"unknown_0"	"1-4-5-7-12-13-14-21-24"	18.0	7.2	2126.02	-1	-1	82	34	-1	-1
"unknown_1"	"1-4-5-7-9-12-13-14-21-24-28"	15.1	8.8	2491.35	-1	-1	129	68	-1	-1
"unknown_2"	"1-4-5-7-9-12-13-14-17-21-24"	14.9	8.9	2491.35	-1	-1	129	75	-1	-1
"unknown_3"	"1-4-5-7-9-12-13-14-17-24-28"	16.3	9.2	2491.35	-1	-1	129	76	-1	-1
"unknown_4"	"1-4-5-7-12-13-14-21-28"	17.0	7.5	2126.02	-1	-1	82	28	-1	-1
"unknown_5"	"1-4-7-9-10-12-13-14-17-21-24-28-46-56"	9.7	11.3	3106.9	-1	-1	-2	-1	-1	434
"unknown_6"	"1-4-5-7-12-13-14-24-28-46"	14.9	7.3	2417.28	-1	-1	-2	-2	-1	84
"unknown_7"	"1-4-5-7-12-13-14-21-28-46"	14.2	7.6	2417.28	-1	-1	-2	270	-1	-2
"unknown_8"	"1-4-5-7-9-12-13-14-21-24-28-46"	11.9	9.4	2782.62	-1	-1	-2	294	-1	-2
"unknown_9"	"1-4-7-12-21-38"	10.3	6.5	1516.44	5	-1	-1	-1	-1	-1
"unknown_10"	"1-4-7-9-13-17-24"	8.2	7.2	1719.63	-1	-1	-2	-1	-1	-1
"unknown_11"	"1-4-7-9-12"	6.8	5.4	1395.35	-1	-1	-1	0	-1	-1
"unknown_12"	"1-4-7-12-14-21-38"	9.4	6.7	1719.63	26	-1	-1	-2	-1	-1
"unknown_13"	"1-4-7-12-13-14-21-24-28-38-42-48"	15.4	10.8	2571.4	68	-1	-1	-1	-1	-1
"unknown_14"	"1-4-7-12-13-14-21-26-28-38-44-48"	16.3	10.6	2571.4	78	-1	-1	-1	-1	-1
"unknown_15"	"1-4-7-9-12-13-14-17-21-28-33-39-49"	14.1	9.3	2897.75	-1	-1	-1	74	-1	-1
"unknown_16"	"1-4-5-7-9-12-13-14-17-21-24-28-50"	24.6	10.2	2799.64	-1	-1	-2	-2	-1	-1
"unknown_17"	"1-4-6-7-12-21"	9.5	6.0	1486.41	-1	-1	185	-1	5	-1
"unknown_18"	"1-4-6-7-14-28"	8.7	6.0	1486.41	-1	-1	188	-1	6	-1
"unknown_19"	"1-4-6-7-12-14-21"	9.2	6.3	1689.6	-1	-1	195	-2	26	-1
"unknown_20"	"1-4-6-7-12-14-21-28"	9.9	7.2	1851.75	-1	-1	195	-1	28	-1
"unknown_21"	"1-7"	7.2	3.2	826.81	-1	-1	-1	-1	-1	-1
"unknown_22"	"1-4-7-14-14-28"	7.4	5.6	1557.48	-1	-1	-2	-1	-1	-1
"unknown_23"	"1-2-4-55"	11.8	4.7	1135.1	-1	-1	1	-1	-1	-1
"unknown_24"	"1-4-7-9-12-13-14-17-21-24-28-36"	12.2	9.3	2741.56	-1	-1	-2	-1	-1	117
"unknown_25"	"1-4-7-9-12-13-14-17-21-24-28-47"	11.8	9.3	2741.56	-1	-1	-2	-1	-1	117
"unknown_26"	"1-4-7-9-12-14-17-21-28-47"	8.6	8.0	2376.23	-1	-1	-2	-1	-1	74
"unknown_27"	"1-4-7-9-12-13-14-17-21-24-28-36-47"	12.6	8.8	3032.82	-1	-1	-2	-1	-1	117
"unknown_28"	"1-4-7-9-12-13-14-17-21-24-28-36-41"	12.6	8.8	3032.82	-1	-1	-2	-1	-1	117
"unknown_29"	"1-4-7-9-14"	6.9	5.6	1395.35	-1	-1	-1	0	-1	-1
"unknown_30"	"1-4-7-12-13"	10.3	5.1	1395.35	-1	-1	-1	0	-1	-1
"unknown_31"	"1-4-7-13-14-26"	8.8	5.8	1557.49	-1	-1	-1	11	-1	-1
"unknown_32"	"1-4-7-12-13-26"	10.9	5.7	1557.49	-1	-1	-1	11	-1	-1
"unknown_33"	"1-2-4-7-9-14"	10.0	5.8	1541.49	-1	-2	-1	2	-1	-1
"unknown_34"	"1-2-4-7-13-14"	12.0	5.7	1541.49	-1	29	-1	2	-1	-1
"unknown_35"	"1-2-4-7-9-13"	11.2	6.0	1541.49	-1	-2	-1	2	-1	-1
"unknown_36"	"1-2-4-7-12-13"	14.1	5.8	1541.49	-1	-2	-1	2	-1	-1
"unknown_37"	"1-4-7-9-12-13"	7.3	5.9	1598.54	-1	-1	-1	0	-1	-1
"unknown_38"	"1-4-7-9-13-14"	8.6	5.7	1598.54	-1	-1	-1	0	-1	-1
"unknown_39"	"1-4-7-12-13-14-24-25"	11.3	7.2	1906.83	-1	65	-1	-2	-1	-1
"unknown_40"	"1-2-4-7-9-12-13"	9.9	6.6	1744.68	-1	-2	-1	2	-1	-1
"unknown_41"	"1-2-4-7-9-13-14"	11.7	5.9	1744.68	-1	-2	-1	2	-1	-1
"unknown_42"	"1-2-4-7-12-13-14-24-25"	15.1	7.4	2052.97	-1	65	-1	-2	-1	-1
"unknown_43"	"1-4-7-9-12-13-14-24-25"	8.8	7.9	2110.02	-1	106	-1	-2	-1	-1
"unknown_44"	"1-2-4-5-7-9-12-13-14"	23.3	6.7	2151.07	-1	129	-1	2	-1	-1
"unknown_45"	"1-2-4-5-7-9-12-13-14-28-50"	27.1	8.0	2459.35	-1	-2	-1	-2	-1	-1
"unknown_46"	"1-4-7-12-14-22"	10.0	5.6	1598.54	-1	-1	-1	0	-1	-1
"unknown_47"	"1-2-4-7-12-14-22"	14.2	6.0	1744.68	-1	-2	-1	2	-1	-1
"unknown_48"	"1-2-4-7-12-14-21-36"	13.9	5.9	1994.89	-1	267	-1	261	-1	46
"unknown_49"	"1-4-7-9-12-14-17-31"	6.7	6.9	2051.94	-1	-1	-1	-2	-1	-2
"unknown_50"	"1-4-7-9-12-14-21-28-35-46"	7.7	7.9	2505.34	-1	-1	-1	314	-1	72
"unknown_51"	"1-2-4-7-12-13-14-21-28-35-46"	16.4	8.2	2651.48	-1	331	-1	326	-1	89
"unknown_52"	"1-2-3-4-7-14-14"	7.6	6.1	1687.63	-1	-2	-1	428	-1	-1
"unknown_53"	"1-2-4-7-8-11-14"	9.2	7.0	1662.58	-1	166	-1	-2	-1	-1
"unknown_54"	"1-4-7-9-10-12-13-14-17-21-24-56-57-58-59-60"	9.9	13.2	3302.07	-2	-1	-1	-2	-1	-1
"unknown_55"	"1-4-7-9-12-13-14-21-24-28-46-59-60"	8.9	10.6	2903.71	-2	-1	-1	449	-1	-2
"unknown_56"	"1-4-5-7-9-12-13-14-28-46"	12.2	7.4	2458.33	-1	-1	-1	254	-1	-2
"unknown_57"	"1-4-5-7-12-13-14-28-46"	14.6	6.5	2255.14	-1	-1	-1	254	-1	-2
"unknown_58"	"1-2-4-7-9-12-13-14-21-36"	13.5	7.0	2401.27	-1	-2	-1	261	-1	132
"unknown_59"	"1-2-4-7-9-12-13-14-28-47"	14.3	7.1	2401.27	-1	-2	-1	263	-1	135
"unknown_60"	"1-2-4-7-9-12-14-28-47"	11.6	6.7	2198.09	-1	-2	-1	263	-1	-2
"unknown_61"	"1-2-4-7-9-12-13-14-21-28-36-47"	15.2	7.5	2854.68	-1	-2	-1	327	-1	136
"unknown_62"	"1-2-4-7-9-12-13-14-21-24-36-41"	14.4	7.5	2854.68	-1	-2	-1	469	-1	-2
"unknown_63"	"1-2-4-7-13-26"	13.7	6.1	1500.44	-1	11	-1	-1	-1	-1
"unknown_64"	"1-2-4-7-9-12-13-14-17-21-24-28-50"	23.6	10.4	2742.59	-1	-2	-2	-1	-1	-1
"unknown_65"	"1-4-7-11-13-24"	9.1	6.7	1516.43	-1	-1	-2	-1	-1	-1
"unknown_66"	"1-4-7-8-11-13-24"	7.9	7.7	1678.58	-1	-1	-2	-1	-1	-1
"unknown_67"	"1-3-4-7-8-11"	5.9	7.0	1459.39	-1	165	-1	-1	-1	-1
"unknown_68"	"1-4-6-7-8-11"	7.3	6.4	1445.36	-1	-1	-1	-1	165	-1
"unknown_69"	"1-2-4-7-12-21-35"	13.6	5.8	1791.7	-1	252	-1	-1	-1	16
"unknown_70"	"1-4-7-13-23-26"	11.4	5.1	1645.55	-1	-1	-1	-1	-1	11
"unknown_71"	"1-4-7-13-14-23-26-28"	13.1	6.4	2010.89	-1	-1	-2	-1	-1	35
"unknown_72"	"1-4-7-9-12-13-17-21-24-57-59-60"	9.1	10.9	2571.4	75	-1	-1	-1	-1	-1
"unknown_73"	"1-4-7-9-12-13-14-17-21-24-28-59-60-61"	8.6	12.0	2936.73	117	-1	-2	-1	-1	-1
"unknown_74"	"1-4-7-12-13-14-21-24-28-59-60"	13.8	9.6	2409.25	68	-1	439	-1	-1	-1
"unknown_75"	"1-4-7-9-13-14-17-24-28-57-60-61"	7.1	10.9	2571.39	76	-1	-1	-1	-1	-1
"unknown_76"	"1-4-7-12-14-21-28-59-61"	8.2	8.5	2043.91	28	-1	-1	-1	-1	-1
"unknown_77"	"1-4-7-12-13-14-21-24-28-59-61"	10.7	9.5	2409.25	68	-1	-2	-1	-1	-1
"unknown_78"	"1-4-7-13-14-24-28-46-60"	8.1	7.4	2173.03	-2	-1	-1	-1	-1	-2
"unknown_79"	"1-4-7-12-14-21-28-46-59"	7.4	7.9	2173.03	270	-1	-1	-1	-1	-2
"unknown_80"	"1-4-7-12-13-14-21-24-28-46-59"	10.4	8.9	2538.36	294	-1	-2	-1	-1	-2
"unknown_81"	"1-3-4-7-12"	7.2	5.8	1338.29	-1	3	-1	182	-1	-1
"unknown_82"	"1-3-4-7-12-21"	7.2	6.6	1500.43	-1	5	-2	-1	-1	-1
"unknown_83"	"1-3-4-7-14-28"	6.2	6.5	1500.43	-1	6	187	-1	-1	-1
"unknown_84"	"1-3-4-7-12-20-21"	7.3	7.6	1646.57	-1	5	-1	-1	-1	-1
"unknown_85"	"1-3-4-7-14-27-28"	6.2	7.6	1646.57	-1	6	-1	-1	-1	-1
"unknown_86"	"1-3-4-7-12-14-21"	6.8	6.8	1703.62	-1	26	194	-2	-1	-1
"unknown_87"	"1-3-4-7-12-14-21-28"	7.0	7.7	1865.77	-1	28	194	-1	-1	-1
"unknown_88"	"1-3-4-7-12-14-20-21"	7.1	7.9	1849.77	-1	26	-1	-2	-1	-1
"unknown_89"	"1-3-4-7-12-14-20-21-27-28"	7.6	9.9	2158.05	-1	28	-1	-1	-1	-1
"unknown_90"	"1-4-5-7-9-12-13-14-17-21-24-28-59-60"	13.5	11.5	2977.78	130	-1	-2	-2	-1	-1
"unknown_91"	"1-4-7-9-12-13-14-17-21-24-28-59-60"	11.0	11.2	2774.59	117	-1	-2	-1	-1	-1
"unknown_92"	"1-4-5-7-12-13-14-24-28-60"	16.2	7.8	2288.16	84	-1	-2	-2	-1	-1
"unknown_93"	"1-4-5-7-12-13-14-21-28-59"	15.8	8.3	2288.16	-2	-1	-2	-2	-1	-1
"unknown_94"	"1-4-5-7-12-13-14-21-24-28-59"	16.7	8.9	2450.3	85	-1	-2	-2	-1	-1
"unknown_95"	"1-4-5-7-9-12-13-14-21-24-28-59-60"	12.9	10.8	2815.64	-2	-1	-2	-2	-1	-1
"unknown_96"	"1-4-7-9-12-13-14-17-21-24-28-57-60"	8.5	11.1	2774.58	117	-1	-2	-1	-1	-1
